0
53
49
54
55
50
55
46
48
48
126
52
49
55
46
50
49
126
48
46
48
48
126
48
46
48
48
126
48
46
48
48
126
48
46
48
48
126
48
46
48
48
126
48
46
48
48
126
48
46
48
48
126
48
46
48
48
126
48
46
48
48
126
48
46
48
48
126
48
46
48
48
126
48
46
48
48
126
48
46
48
48
126
48
46
48
48
126
48
126
48
126
1
1
50
56
52
55
49
49
46
48
48
126
50
52
56
46
52
56
126
49
49
52
54
46
48
48
48
126
48
46
48
48
126
48
46
48
48
126
56
50
56
46
48
48
48
126
48
46
48
48
126
48
46
48
48
126
55
52
54
46
48
48
48
126
52
54
48
48
48
46
48
48
126
51
51
46
52
52
126
49
51
55
54
46
48
48
48
126
48
46
48
48
126
48
46
48
48
126
55
52
54
46
48
48
48
126
49
56
54
48
49
54
46
48
48
126
49
51
53
46
50
57
126
49
51
55
53
46
48
48
48
126
48
46
48
48
126
48
46
48
48
126
49
48
48
46
48
48
48
126
48
46
48
48
126
48
46
48
48
126
49
49
55
57
46
48
48
48
126
49
53
54
48
49
54
46
48
48
126
49
49
51
46
52
55
126
48
46
48
48
126
48
46
48
48
126
48
46
48
48
126
48
46
48
48
126
49
49
51
48
48
48
46
48
48
126
57
56
46
54
51
126
48
46
48
48
126
48
46
48
48
126
48
46
48
48
126
48
46
48
48
126
49
54
48
48
48
46
48
48
126
49
49
46
54
52
126
48
46
48
48
126
48
46
48
48
126
48
46
48
48
126
48
46
48
48
126
51
48
48
48
48
46
48
48
126
50
49
46
56
50
126
48
46
48
48
126
48
46
48
48
126
48
46
48
48
126
48
46
48
48
126
49
55
49
55
49
49
46
48
48
126
49
52
57
46
56
53
126
48
46
48
48
126
48
46
48
48
126
48
46
48
48
126
48
46
48
48
126
51
48
48
48
48
46
48
48
126
50
49
46
56
48
126
48
46
48
48
126
48
46
48
48
126
48
46
48
48
126
48
46
48
48
126
52
57
48
50
46
51
53
126
48
46
48
48
126
54
48
57
55
46
54
53
126
49
49
48
48
48
46
48
48
126
55
54
51
57
46
54
52
126
48
46
48
48
126
49
52
51
54
48
46
51
54
126
50
50
48
48
48
46
48
48
126
51
50
50
52
46
49
53
126
48
46
48
48
126
55
55
55
53
46
56
53
126
49
49
48
48
48
46
48
48
126
55
54
51
57
46
54
52
126
48
46
48
48
126
49
52
51
54
48
46
51
54
126
50
50
48
48
48
46
48
48
126
48
46
48
48
126
48
46
48
48
126
48
46
48
48
126
48
46
48
48
126
48
46
48
48
126
48
46
48
48
126
48
46
48
48
126
48
46
48
48
126
52
57
48
50
46
51
53
126
48
46
48
48
126
54
48
57
55
46
54
53
126
49
49
48
48
48
46
48
48
126
48
46
48
48
126
48
46
48
48
126
48
46
48
48
126
48
46
48
48
126
51
50
50
52
46
49
53
126
48
46
48
48
126
55
55
55
53
46
56
53
126
49
49
48
48
48
46
48
48
126
48
46
48
48
126
48
46
48
48
126
48
46
48
48
126
48
46
48
48
126
48
46
48
48
126
48
46
48
48
126
48
46
48
48
126
48
46
48
48
126
127
157
0
0
0
0
0
0
0
0
