0
54
53
48
49
55
50
55
46
48
48
126
53
52
53
52
46
49
52
126
48
46
48
48
126
48
46
48
48
126
48
46
48
48
126
48
46
48
48
126
49
56
52
50
55
49
46
48
48
126
49
51
53
46
51
57
126
48
46
48
48
126
48
46
48
48
126
48
46
48
48
126
48
46
48
48
126
48
46
48
48
126
48
46
48
48
126
48
46
48
48
126
48
46
48
48
126
48
126
48
126
1
1
52
53
57
55
54
52
53
46
48
48
126
52
48
53
49
46
50
54
126
49
49
51
53
46
48
48
48
126
48
46
48
48
126
48
46
48
48
126
56
50
56
46
48
48
48
126
48
46
48
48
126
48
46
48
48
126
55
52
54
46
48
48
48
126
49
50
56
54
54
53
51
46
48
48
126
57
52
52
46
56
48
126
49
51
54
50
46
48
48
48
126
48
46
48
48
126
48
46
48
48
126
55
52
54
46
48
48
48
126
54
49
55
52
50
57
46
48
48
126
52
53
56
46
48
56
126
49
51
52
56
46
48
48
48
126
48
46
48
48
126
48
46
48
48
126
49
48
48
46
48
48
48
126
48
46
48
48
126
48
46
48
48
126
49
49
53
53
46
48
48
48
126
51
53
55
54
54
49
46
48
48
126
50
54
53
46
51
55
126
48
46
48
48
126
48
46
48
48
126
48
46
48
48
126
48
46
48
48
126
50
52
57
51
51
53
53
46
48
48
126
50
49
57
55
46
48
50
126
48
46
48
48
126
48
46
48
48
126
48
46
48
48
126
48
46
48
48
126
54
57
49
55
49
54
46
48
48
126
53
48
55
46
57
51
126
48
46
48
48
126
48
46
48
48
126
48
46
48
48
126
48
46
48
48
126
50
55
48
56
48
49
46
48
48
126
50
48
48
46
57
48
126
48
46
48
48
126
48
46
48
48
126
48
46
48
48
126
48
46
48
48
126
50
49
48
52
50
57
48
46
48
48
126
49
56
53
52
46
50
52
126
48
46
48
48
126
48
46
48
48
126
48
46
48
48
126
48
46
48
48
126
55
54
56
49
55
53
46
48
48
126
53
54
52
46
48
55
126
48
46
48
48
126
48
46
48
48
126
48
46
48
48
126
48
46
48
48
126
50
53
49
51
46
50
54
126
48
46
48
48
126
56
52
56
54
46
55
52
126
49
49
48
48
48
46
48
48
126
57
48
49
54
46
55
54
126
48
46
48
48
126
49
50
57
56
51
46
50
52
126
50
50
48
48
48
46
48
48
126
52
53
55
48
46
56
54
126
48
46
48
48
126
54
52
50
57
46
49
52
126
49
49
48
48
48
46
48
48
126
57
48
49
54
46
55
54
126
48
46
48
48
126
49
50
57
56
51
46
50
52
126
50
50
48
48
48
46
48
48
126
48
46
48
48
126
48
46
48
48
126
48
46
48
48
126
48
46
48
48
126
48
46
48
48
126
48
46
48
48
126
48
46
48
48
126
48
46
48
48
126
50
53
49
51
46
50
54
126
48
46
48
48
126
56
52
56
54
46
55
52
126
49
49
48
48
48
46
48
48
126
48
46
48
48
126
48
46
48
48
126
48
46
48
48
126
48
46
48
48
126
52
53
55
48
46
56
54
126
48
46
48
48
126
54
52
50
57
46
49
52
126
49
49
48
48
48
46
48
48
126
48
46
48
48
126
48
46
48
48
126
48
46
48
48
126
48
46
48
48
126
48
46
48
48
126
48
46
48
48
126
48
46
48
48
126
48
46
48
48
126
127
21
0
0
0
0
0
0
0
0
