0
16
0
7
8
48
49
126
49
49
52
54
46
48
48
48
126
48
46
48
48
48
126
48
50
126
49
48
48
46
48
48
48
126
48
46
48
48
48
126
48
51
126
49
48
48
46
48
48
48
126
48
46
48
48
48
126
48
52
126
49
51
55
54
46
48
48
48
126
48
46
48
48
48
126
48
53
126
49
49
52
52
46
48
48
48
126
48
46
48
48
48
126
48
54
126
49
51
55
53
46
48
48
48
126
48
46
48
48
48
126
48
55
126
49
48
48
46
48
48
48
126
48
46
48
48
48
126
48
56
126
49
49
55
57
46
48
48
48
126
48
46
48
48
48
126
0
1
1
6
0
1
1
6
0
0
8
0
0
8
0
1
1
4
0
1
1
4
0
1
6
8
0
1
6
8
0
1
1
6
0
1
1
6
0
0
8
0
0
8
0
1
4
1
0
1
4
1
0
1
5
8
0
1
5
8
212
209
209
214
216
216
213
49
46
48
48
48
126
49
46
48
48
48
126
127
21
0
0
0
0
