0
49
54
49
55
50
46
57
52
126
48
46
48
48
126
50
52
56
50
55
46
48
54
126
49
50
49
53
57
46
54
50
126
48
46
48
48
126
50
56
56
52
48
46
51
56
126
51
48
55
48
55
46
54
50
126
48
46
48
48
126
49
48
50
57
50
46
51
56
126
49
51
48
50
49
46
50
50
126
48
46
48
48
126
50
55
57
55
56
46
55
56
126
48
46
48
48
126
48
46
48
48
126
48
46
48
48
126
48
46
48
48
126
48
46
48
48
126
48
46
48
48
126
48
46
48
48
126
48
46
48
48
126
48
46
48
48
126
48
46
48
48
126
48
46
48
48
126
48
46
48
48
126
48
46
48
48
126
48
46
48
48
126
48
46
48
48
126
48
46
48
48
126
48
46
48
48
126
48
46
48
48
126
48
46
48
48
126
48
46
48
48
126
48
46
48
48
126
48
46
48
48
126
48
46
48
48
126
48
46
48
48
126
127
46
0
0
0
0
0
0
0
0
