0
6
0
4
8
48
49
126
49
48
48
53
46
48
48
48
126
48
46
48
48
48
126
48
50
126
56
50
56
46
48
48
48
126
48
46
48
48
48
126
48
51
126
55
52
54
46
48
48
48
126
48
46
48
48
48
126
48
52
126
49
50
48
55
46
48
48
48
126
48
46
48
48
48
126
48
53
126
49
48
48
46
48
48
48
126
48
46
48
48
48
126
48
54
126
49
50
52
53
46
48
48
48
126
48
46
48
48
48
126
48
55
126
49
48
48
46
48
48
48
126
48
46
48
48
48
126
48
56
126
49
48
54
55
46
48
48
48
126
48
46
48
48
48
126
0
3
4
1
6
8
0
3
4
1
6
8
0
3
4
1
6
8
0
3
4
1
6
8
0
3
4
1
6
8
0
3
4
1
6
8
214
216
209
212
49
46
48
48
48
126
49
46
48
48
48
126
127
219
0
0
0
0
0
0
0
0
